-5.61528e-05
-9.43597e-05
-8.04636e-05
-9.24779e-05
-8.75872e-05
-9.50211e-05
-9.21182e-05
-9.05196e-05
-9.36444e-05
-9.85878e-05
-9.85682e-05
-9.89859e-05
-9.78813e-05
-0.000106751
-0.000106411
-0.000100122
-0.000103869
-0.00010041
-9.85249e-05
-9.93835e-05
-9.52589e-05
-0.000102326
-0.000108366
-0.000114176
-0.000113281
-0.000111753
-0.000109378
-0.000111209
-0.000110689
-0.000112328
-0.000109443
-0.000101452
-0.000101575
-0.00010316
-0.000103686
-9.89413e-05
-0.000101206
-9.96728e-05
-9.42101e-05
-9.41822e-05
-8.54022e-05
-9.15103e-05
-9.53851e-05
-9.62437e-05
-0.000102861
-0.000104879
-0.000102569
-0.000108206
-0.000109419
-0.000112698
-0.000121215
-0.000123895
-0.000114051
-0.000114587
-0.000111548
-0.000109574
-0.000109492
-0.000104714
-0.000108097
-0.000109033
-0.000103788
-0.000113546
-0.000114075
-0.000116043
-0.000113319
-0.000114288
-0.00011528
-0.000109465
-0.000109579
-0.000104027
-0.000107193
-0.000107225
-0.000103383
-0.000105995
-0.000101749
-0.000106216
-0.000107025
-0.000116273
-0.000109649
-0.000110332
-0.000107261
-0.000103432
-0.000105977
-0.000106879
-0.000117027
-0.000112783
-0.00010818
-0.000111352
-0.000105622
-0.000101394
-9.52282e-05
-9.37524e-05
-8.38441e-05
-9.85801e-05
-9.60028e-05
-9.26247e-05
-9.45168e-05
-9.09441e-05
-8.93278e-05
-8.89394e-05
-9.59261e-05
-9.7913e-05
-9.6767e-05
-9.3249e-05
-9.05634e-05
-9.2331e-05
-9.41479e-05
-8.47798e-05
-9.05491e-05
-8.845e-05
-8.95389e-05
-8.20247e-05
-7.83438e-05
-7.84486e-05
-8.82963e-05
-8.75685e-05
-8.15693e-05
-7.68539e-05
-7.66848e-05
-7.76799e-05
-8.80242e-05
-7.50553e-05
-7.87125e-05
-7.86374e-05
-6.23621e-05
-6.99867e-05
-7.0682e-05
-7.7833e-05
-7.43025e-05
-6.169e-05
-4.63726e-05
-4.60373e-05
-4.37282e-05
-4.43942e-05
-5.36572e-05
-6.27777e-05
-5.81786e-05
-6.35898e-05
-5.79621e-05
-5.54381e-05
-5.17652e-05
-4.86942e-05
-3.63699e-05
-3.14364e-05
-3.7245e-05
-3.42374e-05
-2.99503e-05
-3.1624e-05
-2.2582e-05
-2.3742e-05
-2.08654e-05
-8.42628e-06
-1.86894e-05
-2.53177e-05
-2.36896e-05
-2.1294e-05
-1.89764e-05
-2.06671e-05
-1.75037e-05
-2.55518e-05
-2.70435e-05
-1.83484e-05
-1.04983e-05
-1.5532e-05
-1.44571e-05
-1.74107e-05
-2.04563e-05
-1.91184e-05
-1.85676e-05
-2.1302e-05
-2.06453e-05
-2.20594e-05
-1.41109e-05
-9.28809e-06
-2.08159e-05
-2.2674e-05
-2.47539e-05
-2.03892e-05
-1.60006e-05
-1.7439e-05
-6.15202e-06
2.23342e-08
7.2041e-06
7.75006e-06
-4.14104e-07
1.56059e-05
1.44137e-05
1.16221e-05
2.25584e-05
2.24595e-05
2.22256e-05
6.39302e-06
2.01842e-05
1.17741e-05
2.02735e-05
1.59236e-05
4.90014e-06
6.41335e-06
1.46608e-05
2.69032e-05
1.74505e-05
2.62258e-05
2.53227e-05
2.36766e-05
2.59517e-05
1.81023e-05
2.08212e-05
3.27912e-05
3.2514e-05
3.33757e-05
3.42246e-05
3.28988e-05
3.31607e-05
3.67243e-05
2.81388e-05
1.88869e-05
2.91711e-05
3.94082e-05
3.08497e-05
2.43032e-05
2.19907e-05
2.88453e-05
3.10099e-05
3.63581e-05
2.96074e-05
4.50098e-05
4.0403e-05
3.33204e-05
3.65069e-05
3.65837e-05
2.71103e-05
2.64975e-05
2.73681e-05
2.72933e-05
3.19252e-05
3.47757e-05
3.75399e-05
3.81171e-05
5.16153e-05
5.74528e-05
5.54306e-05
6.22813e-05
5.9547e-05
5.73472e-05
4.98141e-05
3.63393e-05
4.70846e-05
5.0745e-05
5.17967e-05
4.97235e-05
3.80579e-05
4.36888e-05
4.398e-05
4.92063e-05
4.47288e-05
4.89131e-05
5.87299e-05
6.34969e-05
8.80017e-05
9.12272e-05
7.48957e-05
8.29746e-05
7.66463e-05
9.27579e-05
9.02322e-05
0.000103591
9.29111e-05
6.80771e-05
7.36989e-05
7.36402e-05
6.86796e-05
7.32478e-05
8.48563e-05
9.59928e-05
0.000101184
9.36595e-05
8.9228e-05
9.68561e-05
8.60241e-05
9.54625e-05
0.000100636
0.000123117
0.000122321
0.000119778
0.000109791
0.000103903
0.000106215
0.000106185
0.000104501
0.000106168
0.000111319
0.000110686
0.00012112
0.000126662
0.000120188
0.000119717
0.000105614
0.000110515
0.00010976
0.000116535
0.000124438
0.00013924
0.00014188
0.000134629
0.000124207
0.000131466
0.000141014
0.000147246
0.000141442
0.000144057
0.000138809
0.000143403
0.000144239
0.000148845
0.000153721
0.000164762
0.000151516
0.000130412
0.000132089
0.000122004
0.000124003
0.000136273
0.000133695
0.000115286
0.000123285
0.000119186
0.000122838
0.000129426
0.000121344
0.000133928
0.000128942
0.000137123
0.000131177
0.000128508
0.000140873
0.00013627
0.000136675
0.000137331
0.000138292
0.000162233
0.000161206
0.000152767
0.000163368
0.00016663
0.000178857
0.000186333
0.000175949
0.000167597
0.000164733
0.000153594
0.0001421
0.00015105
0.000156547
0.000152792
0.000144341
0.000148798
0.000156668
0.000157463
0.000158846
0.000152252
0.000154816
0.000161856
0.00016378
0.000158316
0.000160175
0.000152347
0.000144448
0.000149201
0.00015216
0.000137382
0.000134657
0.000140677
0.000131114
0.000140761
0.000145794
0.000150965
0.000144706
0.000148787
0.000146703
0.000152486
0.000153732
0.000146544
0.000140551
0.000131349
0.000133571
0.000120149
0.000135032
0.000130341
0.000123585
0.000133329
0.000132164
0.000137238
0.00013629
0.000135844
0.000122714
0.000118697
0.000128396
0.000133244
0.000138669
0.000130203
0.000124915
0.000109325
0.000108619
0.000108258
0.00011776
0.000117673
0.000116028
0.000118382
0.000113626
0.000122134
0.000130636
0.000144288
0.000143154
0.000141143
0.00014553
0.000153845
0.000171576
0.000169955
0.000150707
0.000139444
0.000132958
0.000147609
0.000138158
0.000133795
0.000137426
0.000136603
0.000126631
0.000121762
0.000126063
0.000119389
0.000123253
0.000117457
0.000118533
0.000110601
0.000100671
9.80865e-05
0.000110101
0.000113372
0.000116691
0.000102765
9.5531e-05
0.000107746
0.000109748
0.000104954
9.79469e-05
9.95787e-05
0.00010619
0.000114007
9.75367e-05
8.94576e-05
8.06792e-05
8.70336e-05
8.73116e-05
7.98922e-05
7.84463e-05
6.15703e-05
5.94005e-05
7.28519e-05
8.63431e-05
8.2565e-05
7.23173e-05
8.04403e-05
8.71443e-05
9.2732e-05
9.14226e-05
6.97124e-05
5.82083e-05
5.21977e-05
6.11158e-05
7.94206e-05
7.32183e-05
6.86389e-05
7.16185e-05
4.8087e-05
4.57503e-05
6.34847e-05
7.23928e-05
7.26943e-05
6.95951e-05
6.27994e-05
8.08219e-05
8.55135e-05
8.74067e-05
6.71224e-05
5.33751e-05
3.72981e-05
3.80173e-05
4.97583e-05
5.29291e-05
6.24762e-05
5.50742e-05
5.39725e-05
5.82025e-05
5.46778e-05
5.91152e-05
4.47965e-05
4.65024e-05
4.99095e-05
5.15607e-05
4.53423e-05
3.98818e-05
3.23585e-05
4.10167e-05
4.34304e-05
5.51082e-05
4.24388e-05
6.35566e-05
3.67684e-05
3.20871e-05
4.68252e-05
2.72239e-05
1.76562e-05
2.69159e-05
1.70629e-05
2.07981e-05
1.1092e-05
2.80084e-07
-1.25669e-05
-1.95983e-05
-1.43489e-05
-2.05975e-05
-6.30237e-06
4.3517e-07
4.27488e-06
-1.91254e-07
2.33165e-06
5.89821e-06
1.31521e-05
9.70838e-06
1.11374e-05
-9.61334e-06
-1.64007e-05
-2.43099e-05
-2.79579e-05
-2.36857e-05
-2.94698e-05
-3.11685e-05
-2.22785e-05
-3.47313e-05
-5.55768e-05
-6.8308e-05
-7.20085e-05
-8.22854e-05
-7.57917e-05
-7.59664e-05
-9.34351e-05
-0.00010023
-9.6898e-05
-0.000100616
-0.000100831
-0.000126713
-0.000139499
-0.000145741
-0.000141446
-0.000123841
-0.000105524
-9.77663e-05
-8.28445e-05
-8.68742e-05
-8.97028e-05
-9.80034e-05
-0.000106341
-0.000112401
-0.000113483
-0.00010992
-0.000116586
-9.26167e-05
-0.00010797
-0.000116518
-8.73655e-05
-0.000108629
-9.49146e-05
-8.80542e-05
-0.000104267
-0.000102455
-0.000110234
-0.000117416
-0.000123384
-0.000123377
-0.000125415
-0.000130582
-0.000124971
-0.000120644
-0.000114104
-0.000125703
-0.000136058
-0.00013058
-0.000128026
-0.000127794
-0.000141736
-0.000131745
-0.000111961
-9.05018e-05
-8.21715e-05
-0.000105034
-0.00011387
-0.000142507
-0.000148301
-0.000152547
-0.0001552
-0.000145085
-0.000127376
-0.000106847
-0.000105545
-9.70468e-05
-0.000102654
-0.000145427
-0.000184208
-0.000188201
-0.000201891
-0.000211352
-0.000214266
-0.00020445
-0.000187616
-0.000180328
-0.000186812
-0.00019746
-0.000199561
-0.000225835
-0.000255511
-0.000277872
-0.000286053
-0.000276913
-0.00024327
-0.000201178
-0.000170171
-0.000176047
-0.000187529
-0.00017972
-0.000183041
-0.000214814
-0.000239538
-0.000235022
-0.000182351
-0.000122057
-9.46746e-05
-6.17634e-05
-4.61049e-05
-4.97564e-05
-7.57442e-05
-0.00010661
-0.000142403
-0.000143013
-0.00014509
-0.000111193
-9.5907e-05
-9.53182e-05
-0.00010642
-9.19e-05
-8.50432e-05
-8.29923e-05
-9.77515e-05
-0.000116093
-0.000115711
-0.000156741
-0.000210162
-0.000237923
-0.000238375
-0.000220141
-0.000172562
-0.000112847
-5.87689e-05
-2.65009e-05
-1.60029e-06
-7.93168e-05
-0.000207607
-0.000328294
-0.000337131
-0.000313388
-0.000277531
-0.000143634
-6.85001e-05
2.44749e-05
0.000214087
-2.79016e-05
-0.000177802
-0.000255499
-0.000291418
-0.000287286
-0.00124845
0.00303029
-0.00443749
0.00753287
-0.0110197
0.0174247
-0.0266984
0.0401478
0.022335
-0.360736
0.418648
-1
-0.314652
0.900158
0.762692
0.313583
-0.0910242
-0.207006
-0.0265571
-0.0925831
-0.204324
-0.324696
-0.179835
-0.167479
-0.215859
-0.197436
-0.142817
-0.0977805
-0.130348
-0.102441
-0.0497218
0.0544981
0.11975
0.088629
0.0943082
0.11604
0.137357
0.0425251
0.106417
0.0327859
-0.0177786
0.0510414
0.240335
0.285581
0.246774
0.195405
0.150678
0.0953571
0.0625427
0.0874761
0.0242618
0.00548749
-0.00755399
0.00781922
-0.0670325
-0.0996475
-0.0961616
-0.0921963
-0.00432597
-0.00468607
0.00352461
-0.0132438
-0.0135046
0.0237692
0.0365181
0.0111953
0.0393507
0.0332058
-0.0144118
-0.00745187
-0.000230524
-0.00498015
0.0290272
0.0414461
0.0211937
0.0402878
-0.00188007
-0.0201997
-0.0279027
0.0116864
0.0410315
0.013492
0.00491388
-0.0107374
0.00767014
-0.0697105
-0.179689
-0.195313
0.00830764
0.188365
0.256386
0.161421
-0.0295435
-0.158457
-0.166303
-0.161992
-0.11368
-0.145197
-0.145343
-0.0444243
0.028174
-0.0208498
-0.038617
-0.0089497
0.0037383
-0.0438814
-0.105539
0.0456271
0.114021
0.24293
0.164577
0.0691085
0.0839475
0.0537799
0.00798686
-0.0235056
0.0406347
0.0565285
-0.000543631
0.0260248
0.0127356
0.0218808
0.00518003
-0.00786698
-0.00680272
-0.011314
0.00938226
0.045035
0.0384633
0.06229
0.0841801
0.0701625
0.0193949
-0.00970113
-0.0169871
-0.0950576
-0.0621543
-0.0395726
-0.0226123
-0.0193901
-0.0681095
0.0254004
0.0780859
-0.000830988
-0.0218064
-0.0911558
-0.0530422
-0.12057
-0.10111
-0.0379589
0.0121223
-0.0591614
-0.0262502
-0.0434074
-0.0621314
0.0603696
0.0744748
-0.002047
-0.0519448
-0.021073
-0.0844779
-0.0570054
-0.0614012
-0.0420977
-0.00739268
0.0279756
-0.0371778
-0.0221533
0.00244454
-0.0443369
0.00515064
-0.0516341
-0.0261381
-0.00403123
-0.00167168
0.0400164
0.0123871
-0.00319065
0.0760774
0.0381159
-0.022862
-0.0651272
-0.0594904
-0.0457036
-0.0255345
-0.0145881
-0.00500793
-0.0217135
-0.00647425
0.0433679
0.0545886
-0.11108
0.302988
-0.465926
-0.193134
0.195958
0.431429
0.220397
-0.167558
-0.261405
-0.138387
-0.0226322
-0.000636822
-0.106769
-0.177902
0.0121731
0.0157236
0.0527563
-0.152051
-0.0310733
-0.0481045
-0.11706
-0.0517218
-0.012577
-0.04151
0.013491
0.0585633
-0.085154
-0.126122
-0.155655
-0.107097
0.169354
0.158054
0.18122
0.0678682
-0.0259785
-0.0538385
-0.0447651
-0.0584297
0.0766215
-0.0352515
0.0154102
0.275243
0.192993
-0.00966257
0.0198267
-0.171675
-0.0859228
-0.0582794
-0.0224076
0.0580294
-0.00517356
-0.0769565
-0.0980203
-0.0982431
-0.106443
-0.00416603
0.0551689
0.0524532
0.0917203
0.0239926
0.0352634
-0.0271924
-0.0538628
-0.0682284
0.0928017
0.106719
0.160714
0.154064
0.0570191
0.101976
0.122268
0.0787148
0.117828
0.00969366
-0.0443676
0.0231541
0.0483806
0.0723178
0.0447931
-0.0552281
0.00823697
0.0902193
-0.00641798
0.0165343
-0.189838
-0.133677
0.266826
-0.0434572
-0.219175
0.150414
0.302042
0.0320092
-0.0692577
-0.0278131
0.0626433
0.00487652
-0.119211
-0.179266
-0.0954814
-0.0926576
-0.0370854
0.0327183
0.060298
0.0507319
0.138377
0.0809362
0.141865
0.16671
0.257936
0.107772
-0.00151043
0.114693
0.0932133
0.102086
0.0723093
0.0236966
0.14968
0.0427818
0.0310611
-0.0420587
-0.00324764
0.0706566
0.00972173
0.0191213
-0.0860588
-0.0199883
-0.104958
-0.106717
-0.030132
-0.147227
-0.114915
-0.103409
-0.14953
-0.0715782
-0.0560573
-0.0278036
-0.0425114
-0.0618612
-0.0339141
-0.0794915
-0.0373859
-0.0118947
-0.0281856
0.0164943
-0.0308355
0.0256075
0.188071
0.133009
0.0781416
-0.0133141
-0.002236
0.0767565
0.0462232
0.0383656
-0.0925862
-0.0297226
0.0548689
-0.0539145
-0.152804
-0.00676483
-0.0151499
-0.0734818
-0.115085
-0.00982543
-0.0753888
-0.080939
-0.00871001
-0.0304081
0.0293664
-0.102291
0.0348324
0.0408787
-0.0358683
0.0100026
-0.0835899
-0.000930512
0.101715
0.0622603
-0.00506808
0.0899217
0.0391306
0.0888537
0.0413235
-0.0373164
0.124737
0.0638754
0.0744977
0.0744527
0.00375974
0.0672422
-0.0376348
0.00541081
-0.0182322
-0.0198316
0.0323901
0.0511836
-0.0214162
-0.0873826
0.0492267
0.0468107
-0.000948698
-0.0103479
0.0540022
-0.0692141
-0.0498506
0.00839
0.0183653
-0.0141551
0.00141058
-0.0457655
-0.104889
-0.0179579
-0.113278
-0.227047
-0.095068
0.00469689
0.00563623
-0.00989732
-0.0404944
-0.0150785
-0.0757162
-0.00342524
0.00875218
0.0810401
0.0347767
0.0184861
0.00734843
-0.0104599
0.0518146
0.121327
0.0671502
-0.0235494
0.0475966
0.0862966
-0.00675975
0.043499
0.018947
0.00919454
-0.0199584
0.125595
0.151318
0.0947741
0.147155
0.0934474
0.120751
0.0661111
0.140834
0.0528797
0.0738788
0.0915868
-0.140998
-0.0347221
-0.057436
0.062565
0.003144
-0.0836087
-0.0907396
-0.206951
-0.0349865
0.118514
0.0503403
-0.0201751
-0.0381802
-0.0922996
-0.0994706
-0.0943204
-0.123645
-0.13432
-0.0911328
-0.050567
0.0184366
0.0566867
-0.068744
-0.0780847
-0.058769
-0.00150191
-0.00471659
-0.105298
-0.132915
-0.012201
0.0904704
0.133199
0.0399618
0.082302
0.0226649
-0.0800059
-0.129165
-0.0481861
0.0167152
0.0379317
0.0120219
-0.162736
-0.143151
-0.0341466
0.0492172
0.141661
0.032712
-0.0569035
-0.0441598
-0.0807132
-0.0789795
0.019562
0.177436
0.0991302
0.0289836
-0.0686997
-0.0818961
-0.00666942
-0.0222173
0.0562902
-0.0648008
0.123606
0.0987783
0.0956491
0.11111
0.131104
0.0842227
0.0558198
0.119786
0.0693562
0.0359283
0.0390922
0.0313946
-0.0154463
0.0334648
0.0965171
-0.0322082
-0.079419
-0.0650817
-0.0458149
-0.172448
-0.0970477
-0.172994
-0.139159
-0.0240534
-0.0252559
0.0282614
-0.117653
-0.0869328
-0.115829
-0.136954
-0.0270396
0.0256039
0.046429
-0.00546064
0.0119628
-0.0547129
0.105486
0.0841489
0.0461657
0.0258192
0.00838064
0.0240088
0.033457
-0.0690621
-0.126642
-0.114269
-0.096533
-0.0335754
-0.000765924
-0.0108852
-0.0492768
-0.0614017
-0.0659561
-0.113304
-0.120236
-0.131655
-0.0920217
-0.0957009
-0.0551586
-0.0154431
-0.0445221
0.0336768
-0.0683501
-0.0874192
0.00521399
0.0113828
0.00446537
0.0790026
0.104364
0.06793
0.0287244
0.0698244
0.0206994
0.0712928
0.0580193
0.0303701
-0.0187059
0.0627028
0.0612191
0.0346267
0.0728869
0.0709263
0.00994788
0.0667253
0.052616
0.0111099
-0.0273
-0.072298
-0.163498
-0.0558893
-0.123586
-0.107065
-0.00575824
-0.0332255
-0.0928207
-0.124153
-0.0478106
-0.0944319
0.0449713
0.088043
0.0419405
-0.0142156
-0.0657249
-0.0170673
0.000425324
0.0310635
0.0360462
0.0848445
0.0715022
-0.00160411
0.104132
0.0133958
0.0321043
-0.00307111
0.0344325
0.0968261
0.0753568
0.0498199
0.0625655
0.0182658
0.0682547
0.0471979
0.0193766
0.0718623
-0.0213009
0.0993721
0.100174
-0.0371105
0.0697876
0.00526662
-0.000513723
0.0304903
0.0422569
0.0236979
0.0490709
0.101589
0.013238
0.0297435
0.0514766
0.0983691
0.149759
0.0970219
0.0407186
0.0492627
0.0261024
0.102786
0.0762876
0.00366978
-0.0404105
0.0594374
0.0914778
0.0277201
-0.0229076
-0.0708933
-0.14901
-0.00806123
0.0345395
0.0684569
0.0551282
0.111671
0.0271272
-0.0213107
-0.0832883
-0.0453524
-0.0851221
-0.0741233
-0.0721111
-0.0585491
-0.0452918
0.0434
0.0727189
0.00730314
-0.0487546
0.0170818
-0.0214876
-0.0684229
-0.044108
-0.0321421
-0.0507908
0.026408
-0.0457034
-0.119401
-0.088346
-0.00120769
0.00509162
0.0140495
0.036396
0.0296358
-0.0564852
-0.0877895
-0.108139
-0.063873
-0.105605
-0.135359
-0.0252093
0.00188739
0.0606411
0.0413791
-0.0356412
-0.0174902
-0.0263996
-0.0272485
-0.00135742
-0.0118161
0.0217962
0.0255401
-0.0563185
-0.0558498
0.075882
0.0707556
0.0471372
0.0156468
0.0318901
0.0164301
-0.0756103
0.0299438
0.0150931
-0.00653502
0.028398
0.0950152
0.149888
0.0833542
0.159481
0.0535106
0.0453174
0.0876766
-0.0429092
-0.0383848
-0.0337696
-0.0910583
-0.0672747
-0.0371972
-0.0122849
-0.0556326
-0.0964134
-0.0513739
0.0336441
0.0603165
0.0528352
0.0557467
0.0482812
0.0337091
-0.0211901
-0.0102011
-0.0263253
-0.0145378
-0.0136906
-0.0716325
-0.026794
0.050841
-0.0544911
0.0164994
0.069698
0.0373572
0.00641148
-0.0584392
-0.0361885
0.00805281
-0.0871966
-0.0406395
0.0199336
0.0449225
0.0258992
-0.0843053
-0.192138
-0.112617
0.0570333
0.0541298
-0.0174287
0.00557677
-0.00942962
-0.0366485
0.0092778
0.0265391
0.106583
0.126668
0.0822215
0.119738
-0.0384582
0.0214539
0.0893733
0.0816821
0.0448718
0.0740072
0.114434
0.0702295
0.0599595
0.00373014
-0.0153088
-0.0598051
-0.11517
-0.0248515
-0.025239
0.0230061
0.0385982
0.053596
0.0184877
0.018153
0.00598281
0.0554351
0.003728
-0.0689133
-0.0432363
-0.0955215
-0.0877757
-0.0415113
-0.011634
0.0623384
0.0534371
0.0384727
0.0319336
-0.0472253
0.0278883
0.00458214
-0.00494854
-0.0308114
-0.0356991
-0.124809
-0.162275
-0.131993
-0.0698195
-0.0282712
-0.00642958
-0.0342216
-0.00209594
-0.0323066
-0.0763169
-0.0530803
0.0157416
0.0376706
0.0746064
0.03934
-0.0276786
-0.061358
-0.0965938
-0.0565652
-0.0300946
0.0298119
0.0356383
-0.0558925
0.0110264
-0.00664606
0.0565228
-0.00539425
-0.00542548
0.0687047
0.106155
0.136667
0.067894
0.0254556
-0.0145383
-0.057336
0.000724336
0.0372158
0.0276564
0.048366
0.0547353
0.0621309
0.0733639
-0.00628777
0.00689338
-0.0125312
-0.0425506
0.00727685
0.0306065
0.0309054
-0.0561036
-0.05837
-0.0205536
-0.0704358
0.0122112
0.0142176
0.0246584
0.0125704
-0.0459869
-0.0776992
-0.0354893
0.013668
-0.0267485
-0.0431983
-0.0759607
-0.0797252
-0.0675978
-0.0375078
-0.0290592
-0.0216178
-0.000138959
-0.013508
0.0158844
0.0389881
0.0457636
0.0336209
0.0864652
0.130919
0.0664099
0.117891
0.0886636
-0.100904
-0.0665973
-0.056902
-0.00643168
0.0535525
0.0723063
0.04862
0.031474
0.00372779
-0.0145922
-0.0180979
0.027144
0.0421669
0.129412
0.074743
0.0354885
0.00093382
-0.0595276
-0.015512
-0.0254768
-0.0971183
-0.0849434
-0.106024
-0.0781606
-0.0637945
-0.096656
-0.0517714
-0.0298157
-0.0161395
-0.0630275
-0.0330538
-0.0684215
0.0147379
-0.0431597
-0.0520129
-0.0246574
-0.0668836
-0.0213269
-0.0115878
-0.0553097
-0.0419542
-0.0838188
-0.0403282
0.0593288
0.022464
0.0681089
-0.00139465
-0.0156701
-0.0163261
-0.0184713
-0.0373453
0.033941
0.0518116
-0.0198051
-0.0330506
-0.0372266
-0.0423655
-0.00796214
0.0384427
0.0500073
0.0546628
0.0177075
0.0145252
-0.000584876
-0.0336685
-0.0768714
0.0181171
-0.0146739
-0.0163084
-0.0346226
0.0116492
0.0948293
0.0539709
0.0850633
-0.0264538
-0.00672012
0.0301586
0.00501517
0.0696896
0.0832435
0.0785977
0.0339074
0.0779668
0.106992
0.054008
0.097614
-0.0202563
-0.0376277
0.0274618
0.00543449
0.0377079
-0.0421728
-0.0313008
0.00367718
0.0418926
0.00771705
0.0573026
0.0575229
0.0987789
0.00140207
-0.0257648
0.00324958
-0.0437692
-0.0407843
-0.00877539
0.000804488
-0.0686024
-0.0279343
0.0487129
0.020094
0.0570296
0.0116945
0.0215328
0.0360059
0.0983473
0.0858507
0.00441908
-0.0618751
-0.0620152
-0.111863
-0.07118
-0.0367922
0.0166042
0.0331469
-0.00166472
-0.0161904
-0.00260204
-0.0467127
0.0400765
0.0296737
0.0188713
0.0101313
0.0442428
0.0579855
-0.0107431
0.00568172
0.00486053
0.00391836
0.0529763
0.0191393
0.0297128
0.0190086
0.0163747
-0.0419231
-0.0153075
0.072859
0.0883693
0.0860032
0.0345143
0.0325944
-0.0164459
-0.066554
-0.0339972
-0.0771838
-0.0546655
-0.059857
-0.0508136
-0.0763156
-0.0713033
-0.054401
-0.0499113
0.014279
-0.0011934
-0.0214393
-0.00443684
0.0371063
0.0235061
-0.0470981
-0.0783948
-0.08313
-0.05755
-0.00760166
0.0355761
0.0463136
0.0879311
0.0654423
0.0605582
0.0273639
-0.0197248
0.000101822
-0.0546223
-0.0644744
0.0168019
0.034118
0.00137925
0.021574
0.053634
0.0189533
0.0412554
0.0163639
0.0387654
0.00739141
0.0428379
0.0256715
-0.0495038
0.00673443
0.0187512
0.00452255
-0.0214718
-0.042696
-0.0292184
0.0421249
0.013066
0.0411694
0.0485093
0.0862442
0.00627294
0.042997
-0.0329283
-0.153413
-0.122908
-0.125227
-0.0803771
-0.00836215
-0.0120461
0.0558588
0.0319712
0.0420964
0.0219842
0.00853523
0.0286679
0.0157362
-0.0670416
-0.0303063
-0.0251437
0.00357053
0.0257438
0.0285172
-0.0506662
-0.0101621
-0.0335176
-0.0642323
0.0751787
0.0780307
0.0578848
0.075217
0.0694181
0.0328266
-0.0275384
-0.0221993
-0.0111477
-0.0330047
-0.0766859
-0.108682
-0.0495823
0.0341033
0.0297307
0.0276831
-0.0245408
-0.046391
-0.0523474
-0.0584901
-0.0260877
-0.0140199
0.0301469
0.021915
0.0394161
-0.0172204
-0.0114917
-0.0275141
-0.0313375
-0.027977
-0.0635877
-0.0526857
0.00747368
0.0828779
0.0395982
-0.00695085
-0.051321
-0.0733235
-0.00734783
0.0308124
0.0311903
0.0193337
0.00167413
-0.0329105
-0.070895
-0.0288888
0.0185992
0.0699143
0.0780605
0.0332753
0.0635288
0.0499108
-0.00656658
0.0276464
0.0488053
0.0531839
0.030029
0.0520692
0.0678849
0.0547054
0.0469503
-0.0250601
-0.0769786
-0.0469543
-0.0143462
-0.0375748
-0.0587896
-0.0774806
-0.0976801
-0.0692765
-0.0653619
-0.0831611
-0.0470678
-0.00326138
0.00957585
0.0210034
-0.00823721
0.0294233
0.0403447
0.0104585
0.0229009
0.0338777
0.0207112
0.0318811
-0.0214178
-0.00557731
0.0232839
0.0609482
0.0344154
0.0134493
0.0191873
-0.0128388
0.0365058
0.00564482
-0.0230361
-0.000461391
0.0148469
0.00543711
-0.0209602
0.0284508
0.0107354
-0.0169948
-0.00352507
-0.0223946
-0.0454708
-0.0445671
-0.0570159
0.00573957
0.00624478
0.0371121
-0.00846551
-0.039463
-0.0367129
-0.0365023
-0.0365737
-0.0704369
-0.0793817
-0.0423511
-0.0231871
0.0498378
0.0712412
0.103658
0.060233
0.0741131
0.0400087
0.0448121
0.0116347
0.0184623
-0.00603226
-0.00505002
0.0279179
0.00266173
-0.0106169
-0.00195966
-0.0366093
-0.0538327
-0.0352476
-0.0440964
-0.0405271
-0.0118143
-0.0138381
0.0233662
0.0140131
-0.00920814
-0.0128824
-0.050554
-0.0220556
-0.0134409
-0.0239276
-0.0125007
-0.0413099
-0.0530473
-0.049683
-0.0521323
-0.0521648
-0.0115788
-0.0351713
-0.0230042
-0.0143148
0.0189515
0.0425639
0.0086632
-0.0472831
-0.0243835
-0.0254677
-0.0321564
-0.0313823
-0.0479278
-0.0168294
-0.00877646
-0.0118232
-0.00255366
0.00205976
0.0388225
0.0437734
0.0472195
0.0895663
0.0289656
-0.00816601
0.00436656
-0.0117158
-0.0170959
0.00919075
-0.0130563
-0.055793
-0.0223227
0.0027762
0.0153724
0.0389789
0.0581181
0.0778705
0.0398455
0.0408228
0.0417972
0.0607396
0.052572
0.012594
-0.0123565
-0.0329237
-0.0474448
-0.00437719
-0.0155396
-0.0207803
-0.0253791
-0.0196611
-0.0518389
0.00843767
0.0356124
0.0269269
0.0303338
0.0463067
0.0349907
0.00289446
-0.000126047
-0.0023358
0.0106704
-0.00891476
0.0127442
0.0344159
0.0352654
0.037755
0.0336732
-0.00322596
0.00332531
0.03013
0.0532743
0.0403045
0.0660686
0.0442478
0.063715
0.0511805
-0.00374089
-0.0127906
-0.00420969
-0.0288461
0.0242609
-0.00305327
0.0179841
0.0437103
0.0333786
0.0206779
0.0213099
0.0361919
0.0344142
0.0269298
0.0316494
0.0244909
0.0177798
0.0105094
0.00383125
-0.0310499
-0.0360371
-0.0616371
-0.0244798
-0.0657231
-0.0538744
0.00763217
0.00329737
0.0081754
0.0216311
0.0205735
0.0161818
0.00161425
0.0419609
0.00944959
0.0189164
-0.0236346
-0.00621109
0.00545373
-0.00834753
0.00995148
-0.00306322
-0.0289613
-0.0184428
-0.0101748
0.0433193
0.0417558
-0.0179149
-0.0140374
-0.0271261
-0.0374923
-0.0267231
-0.0235577
-0.0332448
-0.0343938
-0.0441429
-0.0291652
-0.0405887
-0.00792882
-0.00365653
-0.0233464
0.014441
-0.0344394
-0.020614
0.0165155
0.0137281
0.0321286
0.0132888
-0.00632533
-0.000659087
-0.00227273
-0.00914949
0.00579206
0.00851124
0.00661623
0.0244409
-0.00299356
-0.00990557
0.00233303
0.00630834
0.00755064
-0.0174523
0.0193786
-0.00364581
0.0340885
6.16926e-05
-0.00384413
0.010606
0.0692383
0.0565053
-0.0124968
0.0142149
0.0315286
0.0631713
0.0865128
0.03466
-0.0132503
0.0179569
0.0179746
0.0145441
0.0417153
0.0162544
0.0124723
0.0169384
-0.00954369
-0.0141583
-0.0361263
-0.0209335
-0.0317655
0.0068881
0.00393729
-0.00913332
-0.0138977
-0.0234336
0.00110812
-0.0115482
-0.0372122
-0.0264001
-0.0319259
-0.0440499
-0.0484745
-0.0167217
0.00879325
0.0227095
0.0207378
-0.037455
-0.0481456
0.00289405
0.00638806
-0.0130233
-0.0290113
-0.0328038
-0.0240122
-0.0288717
-0.0110025
0.000748534
0.000292374
-0.0170824
-0.0466234
-0.0454138
-0.0245074
-0.0246811
-0.0348342
0.0159338
0.0225874
0.0126813
0.0224001
-0.0107874
-0.00937258
-0.00149168
0.00478676
0.0161424
-0.00550662
0.0217846
0.0114056
0.01814
0.0291745
-0.0311121
-0.0213375
0.00477348
-0.0165107
0.0198986
0.0597069
0.0938339
0.06639
-0.00758071
-0.00399969
-0.0126591
-0.0248411
0.0141563
0.0379551
0.0437775
0.0280522
0.0310276
0.0281418
0.000619495
-0.00752342
0.0143468
0.0200812
0.0308086
0.0156246
0.00326825
-0.0293689
-0.0500878
-0.0828892
-0.103709
-0.0465003
-0.0237773
-0.031843
-0.0283931
-0.0320143
-0.0286783
-0.0288942
-0.0140909
-0.0144449
-0.0112106
0.0106363
0.014667
-0.0048204
-0.0261827
-0.0194853
-0.0152775
-0.00424576
0.0248871
0.0278464
0.0371391
0.0284413
0.00432129
-0.001736
0.0296562
0.0284272
0.0148265
0.00562546
-0.0228949
0.0344716
0.042739
0.0627245
0.0605927
-0.0139944
-0.0140084
-0.0187076
-0.00474401
0.034333
0.00993878
-0.000522963
-0.0586953
-0.0925669
-0.0762885
-0.0276833
-0.00792196
-0.0230472
0.00067145
0.00581217
-0.00795602
0.02434
-0.0057682
-0.0419704
-0.0414133
-0.0415959
0.0162357
0.0226848
0.0417089
0.0600401
0.0295912
-0.000413759
-0.0056816
-0.00296917
-0.00583595
-0.0227965
0.000269244
0.0227581
0.0143593
-0.0124616
-0.0801055
-0.0448978
-0.0382291
-0.0328671
-0.0481662
-0.0617569
-0.0621476
-0.0679551
-0.0110798
0.0166929
-0.000743121
0.00504198
0.0107884
0.00187803
0.0180309
0.0229654
-0.000423343
-0.01547
0.00512294
0.0206861
0.0268318
0.0313872
0.0420844
0.0216796
0.0210394
0.00456614
-0.0213035
-0.0183142
-0.0193658
0.01169
0.00975305
0.0384889
0.0364885
-0.0135669
-0.00845281
0.00918108
0.00348504
0.000710534
0.000511482
0.00226079
0.00123745
-0.00216076
-0.0323829
-0.0363264
-0.0291186
-0.0253625
0.0145306
-0.00758601
-0.00194038
0.0178889
-0.0191926
-0.0357947
-0.0676232
-0.0677286
-0.0428646
-0.0051614
0.00765906
-0.0250463
-0.0343232
0.00308796
0.0290994
0.0252208
0.0355472
0.00931893
0.0465315
0.054227
-0.00104643
-0.0154199
-0.0177416
-0.0021765
-0.0468673
-0.0234105
0.0151128
0.0119274
0.0194636
0.0315881
0.0161846
0.0416046
0.0297043
0.020527
0.0248902
0.0144624
0.00288631
0.00447021
0.00056546
0.0150835
0.0436427
0.0120569
-0.0218229
-0.0105936
-0.0122329
0.0302037
0.0392668
0.049091
0.0224962
0.0119948
0.00883143
0.00459359
0.00556656
-0.0075945
-0.00436779
-0.0131195
0.00971022
0.0364495
0.0215793
0.0121242
-0.00279279
-0.00111459
-0.0262811
-0.0251726
0.00974079
0.0203032
0.00054048
0.00340438
0.0204094
0.0226723
0.0231598
0.0100446
0.00839878
-0.0047262
0.0128511
0.018141
0.00835134
0.0167605
0.0108548
-0.0194317
0.0075082
-0.0106126
-0.000143666
0.0228052
0.0103769
0.0153338
-0.00559852
-0.033888
-0.0163404
0.0162117
-0.00403227
-0.00372468
0.0340463
0.0215725
-0.0152296
-0.0154169
-0.0301782
-0.0626466
-0.0173074
0.0155343
0.0254541
0.0237401
0.0223878
0.0204358
0.0162334
0.032471
0.0219407
0.0137273
-0.00199593
0.00519384
-0.00603365
0.0205067
0.0381431
0.00680758
-0.0224584
-0.0112732
0.0273657
0.0279763
0.040194
0.0253983
-0.0099232
-0.0253209
-0.012415
-0.0198934
-0.0204771
-0.0354801
-0.0426956
-0.0141027
0.0209882
0.0132264
0.0134677
0.0256482
0.000644851
-0.0453481
-0.0270695
-0.00507758
0.00194244
0.00179234
-0.0139736
-0.0146622
0.0360755
0.0378203
0.0218744
0.0191487
0.00159317
-0.00627256
-0.0129889
-0.0181385
0.000720235
0.00218873
0.00674226
0.00442719
0.0140778
0.0153864
0.0177633
0.029229
0.0219593
0.0165962
0.0271739
-0.00790248
-0.0186387
-0.0236601
-0.0239333
0.0065257
0.0027565
0.00444682
-0.000629678
-0.0162828
-0.0152667
-0.00948825
-0.0344026
-0.0235273
-0.0214188
0.0142827
0.0331528
0.0112869
-0.0108852
-0.0260389
-0.0162068
-0.00415181
-0.0111789
-0.0210358
-0.00740457
0.0225055
0.0155933
0.0166721
0.00512165
0.00810895
0.0275391
0.019401
-0.0117866
-0.012285
-0.0219514
-0.0229908
3.41117e-06
0.00503902
-0.0307943
-0.0524169
-0.0390546
-0.0136488
0.0044889
-0.0131403
-0.0525859
-0.0163231
-0.00288409
-0.0121243
0.00491356
-0.000794196
0.00790732
0.0117713
0.00436701
-0.0121126
-0.00019844
-0.010221
-0.0137786
0.00656608
-0.00150653
0.0221621
0.000944445
-0.012533
-0.00949252
0.00369898
-0.0116429
-0.0184938
-0.0203995
0.00245175
-0.0168468
-0.0279942
0.0133586
0.0155429
0.0148763
0.00208548
-0.00320972
-0.0123688
-0.00493499
-0.00377475
-0.00961551
-0.0218551
-0.0247839
-0.0138079
0.0154656
0.0176826
-0.00745267
-0.0178777
0.0017627
-0.0011018
0.0165425
0.00320398
-0.00214487
0.00345435
-0.007826
-0.0187364
-0.0187195
-0.0103543
0.00563392
0.0284781
0.0427863
0.05833
0.0349003
0.0106921
0.0348443
0.0562022
0.057124
0.0534743
0.00675586
0.0162142
0.0184442
0.0152705
-0.00413187
-0.000157157
-0.0101174
-0.012174
-0.0215099
-0.0381519
-0.0203341
-0.00208002
-0.0168186
-0.0157955
-0.0110012
-0.0246941
-0.0462106
-0.0522344
-0.0407131
-0.0180348
-0.00373761
-0.00925529
-0.00836778
0.0107858
0.00985424
0.00697508
-0.000454435
-0.00125327
0.00512596
0.0121393
-0.00698328
-0.00391641
-0.00223087
-0.013482
-0.0277546
-0.0101059
0.00439645
0.004746
0.00463449
0.00617527
0.00734524
-0.00547587
0.0128364
0.0164983
0.013463
0.0211529
0.00735722
-0.00447165
-0.00781047
-0.0152489
-0.00840481
-0.00698394
-0.00103687
-0.00413171
-0.00603548
-0.00431557
0.00482703
0.0104659
-0.00326222
-0.00485401
-0.00107752
0.00236688
-0.013078
-0.0304937
-0.018205
-0.0107678
-0.0227237
-0.00759283
-0.015671
-0.00967173
-0.000621107
0.00813151
-0.000148568
0.0133641
0.0395108
0.025244
0.00619016
0.0145592
-0.00898491
-0.00123497
-0.00527332
-0.00302253
0.00202978
-0.00829153
-0.0135482
0.0107884
-0.0125424
-0.00653813
-0.00176899
0.0115602
0.032707
0.0170454
0.0137897
-0.00948473
-0.0226475
-0.0239603
-0.0276616
-0.0348895
-0.021018
-0.0133696
-0.0196544
-0.00812021
-0.00424441
-0.0142318
-0.00796446
-0.0134952
-0.0039301
-0.00312613
0.00775666
0.0214598
0.0248889
-0.0118458
-0.0257499
-0.0294674
-0.00237336
0.00388953
0.0143257
0.0280593
0.00222002
-0.00400971
0.00783971
0.0160038
0.00471101
0.0112457
-0.00920916
-0.018467
-0.00204992
0.0098519
0.0091063
0.00720642
-0.00286511
-0.000900848
0.00330815
0.0167521
0.0127274
0.0130683
-0.00116852
-0.00271353
-0.00904073
-0.0221588
-0.0103305
-0.018072
-0.0143678
0.0111811
-0.00109552
-0.0227878
-0.000975396
0.0143471
-0.000792598
-0.0043158
-0.0104408
-0.0138289
-0.000615124
-0.0066589
-0.00494542
-0.0314984
-0.0262333
-0.0179979
-0.0015873
0.0232083
0.0227702
0.0172281
0.00603959
0.00356534
0.013397
0.0187988
0.0409388
0.0324483
0.0203952
0.0282541
0.00872062
0.0174483
0.024458
0.0136308
0.0294353
0.0244963
0.0115423
0.00311903
0.000132606
-0.00113526
0.0148419
0.0277531
0.0027167
-0.0129825
0.00782838
0.010903
0.0209536
0.0121568
0.0049714
0.0191957
0.0112611
0.00969704
0.010347
0.0232105
0.0415087
0.036687
0.00606466
-0.00578091
0.0165481
0.0279032
0.0366725
0.0203666
0.00245774
0.00777335
0.00401815
0.00535336
0.00834825
0.00738779
0.016278
0.00817846
-0.00520339
-0.00858614
-4.10804e-05
0.0114053
-0.00290908
-0.0195702
-0.0159761
-0.00966177
-0.0171981
-0.00167815
0.0017893
-0.00320268
-0.0151416
-0.0123671
-0.0192433
-0.0058417
-0.00754746
-0.00403014
0.00573023
0.00135163
0.0052407
7.01916e-05
0.00308579
-0.00427743
-0.0149115
-0.0154069
-0.0098441
-0.0173709
0.00236672
0.0116352
0.00193405
0.0130045
0.018722
0.0187096
-0.0121478
-0.0245552
-0.0221737
0.0080531
0.0136384
0.0106758
-0.000686154
-0.000918329
0.00481874
0.00545376
-0.00919098
-0.00534686
0.0349702
0.0371499
0.0283055
0.0164222
0.00544256
0.0062528
-0.00501303
-0.0147369
0.00423767
-0.00987635
-0.00579933
-0.0101519
-0.00376075
-0.0068503
-0.0190148
-0.0276099
-0.0305292
-0.0149298
-0.0195529
-0.0109466
0.0106537
0.000838745
-0.00247216
-0.0156345
-0.00891576
-0.0149268
-0.0157353
-0.00947365
-0.00871279
-0.0146091
-0.0294238
-0.0438815
-0.0131178
-0.00806257
-0.0036869
-0.0156105
-0.0248818
-0.0229575
-0.0130481
0.012483
0.0361985
0.0331474
-0.00527059
-0.00469177
0.0037781
0.0184166
-0.0015334
0.000341094
-0.00503149
-0.00141484
-0.00614048
-0.0249516
-0.0198455
-0.0124606
0.0123077
0.019675
0.0127871
0.00588876
0.0105409
0.0354145
0.0207621
0.0258489
0.00717445
0.00435081
0.022207
0.0083704
0.0244784
0.0202023
0.0111238
0.0052489
-0.00204449
-0.0127135
-0.0174314
-0.00305109
0.00932804
0.0228899
0.0104938
-0.0179667
-0.0266633
-0.0189998
-0.0205732
-0.0142699
0.000441515
0.0276162
0.0239614
-0.00655245
-0.0215698
-0.0316081
-0.032846
-0.0195958
-0.0308806
-0.0226695
-0.00481601
0.002796
0.00408537
0.0113771
0.000404201
-0.0005019
-0.00296906
0.00911184
0.0248781
0.00557308
-0.00883796
-0.0108825
-0.00960131
0.00122861
-0.00857327
-0.0175064
-0.010582
0.0133122
0.0038431
0.00428075
0.00885808
-0.000671324
0.00749126
0.00353645
-0.00893012
-0.00429022
0.00290275
0.00688804
0.0020751
-0.0082996
-0.0169233
-0.0156772
-0.00330394
0.00871764
0.0203808
0.0201905
0.00482614
-0.00737138
-0.0197601
-0.0116777
-0.00899732
0.00339536
-0.0184105
-0.0248254
-0.0136708
0.00169449
0.0141442
-0.00434563
-0.00958115
-0.0147656
-0.009816
-0.00514195
-0.00231862
-0.00840443
9.96822e-05
0.00383607
-0.00169543
0.000934377
-0.00244305
-0.00459796
-0.00876915
-0.00397661
0.00933312
0.00978062
7.00381e-05
0.00172112
-0.0119025
-0.0123021
-0.00315134
-0.00290182
0.0115251
0.0109133
0.00651952
-0.010102
-0.0185669
-0.0245528
-0.0142547
-0.0217651
-0.0323422
-0.0353127
-0.0102601
0.0012306
-0.0054774
-0.00439381
0.000375517
0.00322484
0.00885071
0.0139435
0.00493289
-0.0073373
-0.00702533
0.000257376
-0.00101646
-0.00884337
-0.00168221
0.0116091
0.00957427
0.0175262
0.0259432
0.0113291
0.00916677
0.012414
0.00338389
-0.000667456
0.0029117
0.00231739
0.0132519
0.0199792
0.0077254
-0.0193517
-0.00467921
-0.00917025
-0.0197118
-0.00378142
-0.00219145
0.010661
0.014042
0.0122211
-0.00289241
-0.0181376
-0.0125192
-0.00783506
0.0133461
0.0252032
0.0127187
-0.00592266
-0.00911341
0.00294116
0.00158283
0.0207325
0.00314285
-0.0046361
0.0105574
0.000684152
-0.00506916
-0.0102251
-0.00934543
0.014769
0.0247048
0.0144183
-0.00738379
-0.0253774
-0.00754421
0.015662
0.0157089
0.0235288
0.00551836
0.017042
0.0204982
0.013513
0.000865676
-0.0179156
-0.0273949
-0.029536
-0.014089
-0.00845839
-0.0176691
-0.00572403
0.000709541
-0.00645256
-0.00409512
-0.00992426
-0.01122
-0.0148448
-0.00621354
-0.00624629
0.00143248
0.00982767
-0.00857028
0.00240932
-0.00338924
-0.00323937
0.00918909
0.0213937
0.0136389
-0.00051623
0.0155506
0.0251246
0.0171191
0.0266862
0.0187063
0.0147267
0.0208106
0.0100382
0.0111958
0.0119007
0.00591338
0.0173115
0.0211825
0.0100089
0.0126252
0.00617807
0.00709577
0.0162884
0.00550605
-0.00959237
-0.0148467
-0.00773114
-0.0128621
-0.00836828
-0.0103638
-0.0212914
-0.0219986
-0.0197134
-0.0121055
-0.00383524
0.000959285
0.00160107
0.00141488
0.016105
0.0196919
0.000146725
0.00312633
0.0167755
0.0151296
0.0190372
0.0131972
-0.0048807
-0.00996759
0.00538275
0.0178913
0.0113512
0.0196056
0.0162185
-0.00156359
0.00504169
0.00548432
0.00594469
0.0145529
0.00324679
-0.00377803
0.00123244
0.00555769
0.0108848
0.0028762
-0.00294698
-0.0025282
-0.00946176
-0.0139187
-0.00933866
-0.0112307
-0.0113017
-0.0140582
-0.0102299
-0.0135515
-0.00688116
0.000854963
0.0176608
0.0197871
0.0144384
0.00816345
0.00971177
0.0084838
0.011774
-0.001314
0.00393066
0.017545
0.0166714
0.0200278
0.028666
0.0186598
0.0165574
0.00566503
-0.00129578
0.00715292
-0.00837133
-0.00973242
-0.0033084
-0.00280179
-0.00391189
-0.00636158
-0.00505851
-0.00620588
-0.0042246
-0.00303787
0.00978185
-0.00328372
-0.0203428
-0.0148765
-0.0114792
0.0103642
0.0143897
0.00533475
0.00143698
0.00834507
0.00758209
-0.013317
-0.0198415
-0.0295275
0.0058134
0.0161397
0.00775591
-0.00463717
-0.0104694
-0.0176457
-0.0127715
-0.0126566
-0.0102645
-0.0227959
-0.0314139
-0.0294829
-0.0264831
-0.0118332
-0.00786431
-0.0103086
-0.0148004
-0.0122123
0.00010732
0.00776115
-0.0091481
-0.00619929
0.0123654
0.0067983
0.0107133
0.00562082
-0.0107304
-0.0176492
-0.0140889
-0.00949466
-0.0196949
-0.0132962
0.0142313
0.0201288
0.0209205
0.011481
0.00313841
0.0125289
0.00435021
0.00302197
0.00325492
-0.00356052
0.00356225
0.00492437
-0.0123705
-0.00672905
0.00883835
0.00902389
0.00178375
0.00149524
0.0117104
0.0153697
0.0116403
0.00269799
-0.00859211
-0.00872872
0.000125131
-0.0154044
-0.0080066
0.00177282
-0.0108498
-0.0121543
-0.0184155
-0.0101622
0.00370692
0.00215185
0.0052565
-0.000785803
-0.000180513
4.36801e-05
-0.00407458
0.00491222
0.00355697
0.0169538
0.0259243
0.00964686
0.0137401
0.00755103
0.00173804
0.00510818
0.00435607
0.00150358
-0.0061384
-0.00731293
-0.0128932
-0.0175346
-0.0173995
-0.0188817
-0.0310366
-0.0251026
-0.0191848
-0.0185472
-0.0124487
-0.0175727
-0.00809254
-0.00269314
-0.00575921
0.000666179
0.0118399
0.0162949
0.0234085
0.0130301
0.00860813
-0.000248223
-0.00731301
-0.00275532
-0.00120125
0.00823642
0.0246435
0.0239576
0.0157356
0.00949626
0.00101092
-0.00320521
0.00674628
0.0115711
0.0108258
0.0144074
0.00295979
-0.0102851
-0.0125201
-0.000765658
0.0118041
0.0175968
0.00145216
-0.0118403
-0.0174793
-0.0125109
-0.0169499
-0.0337721
-0.0224059
-0.00672915
0.00118332
-0.00282444
-0.00198236
0.00245342
-0.000663853
-0.00661175
-0.0075425
-0.00673098
-0.00526746
0.00385124
-0.00616285
-0.00935447
-0.00406471
0.00119474
-0.00520345
-0.0218665
-0.01309
0.00135368
0.0100357
0.00939259
0.00471997
-0.00196103
0.00296735
-0.000406259
-0.00165574
-0.00609643
-0.00110624
0.00949731
0.00858262
0.0124797
0.0126291
0.00703765
0.00656108
0.00680146
0.00173126
-0.000418267
-0.00264065
0.000931404
0.0022185
0.00792977
0.00105865
-0.0021865
0.00798165
0.0125002
0.010925
-0.00061962
-0.00117481
0.000569139
-0.00314443
-0.0121106
-0.00190294
-0.00055856
-0.0138544
-0.024017
-0.0141263
-0.00614682
-0.00935534
-0.00567458
-0.0126391
-0.0236309
-0.0203608
-0.0117029
-0.0105057
-0.00248155
0.00123131
0.000316134
-0.00244804
0.00207883
0.00152527
-0.00459739
-0.00186982
-0.00318474
0.00334182
-0.00312052
-0.00447797
-0.00672667
-0.0039449
-2.97436e-05
0.00827468
0.0101278
0.00678249
0.00458862
0.00304796
0.00753487
0.00940935
0.0124064
0.0104775
0.00244234
0.00504618
0.00300219
-0.0086725
-0.00811906
-0.00752514
-0.00682543
-0.00457288
-0.0106947
0.00990718
0.0173897
0.0195001
0.0206373
0.0157319
0.00404755
0.00323234
-0.000751824
-0.00168549
0.00595187
0.000343207
0.00301601
0.00919309
0.00367353
0.00515659
0.00747327
0.00785959
0.0090691
-0.00455634
0.00265238
0.00298336
0.00443889
0.00521633
-0.00273835
-0.0196712
-0.030084
-0.0212193
-0.0170806
-0.0113973
-0.0128695
-0.0151739
-0.016731
-0.0162407
-0.00756137
-0.00980543
-0.000552729
0.00482616
0.00633756
0.0139178
0.0173012
0.00761095
0.00451493
0.00621863
-0.00479202
0.00120271
0.00743696
0.017301
0.0221702
0.0160627
0.0134914
0.00974905
0.00937013
0.0118824
0.0166906
0.0182227
0.0268088
0.0222724
0.020096
0.0205425
0.0221322
0.0249003
0.0158764
0.00899638
0.00611932
0.00716828
0.0093237
0.0101641
0.00876731
0.0121554
0.0164369
0.0168905
0.00623844
-0.00724426
-0.00723188
-0.0108222
-0.00776284
-0.000305299
0.00829641
0.00481719
-0.0017106
0.00733767
-0.000234554
0.00194174
0.00813342
0.00578569
0.0140599
0.00182344
-0.00330137
-0.000693948
-0.00527523
-0.00434623
0.00132365
0.000800738
0.0032179
-0.00112597
-0.00124465
-0.00604271
-0.00174029
-0.00379811
-0.00457886
-0.00910257
-0.00541767
0.00417381
0.0112797
0.000400893
0.00401532
0.00279804
0.000212875
-0.00158095
-0.0109306
-0.0164937
-0.0118813
0.00322871
0.0112968
0.00910847
0.00658378
-0.00992632
-0.0219487
-0.0109886
0.00152581
0.0101151
0.0154997
0.00874416
0.00573085
0.000985394
-0.00622339
0.00518706
0.0172336
0.0185202
0.0165968
0.00496263
-0.0107575
-0.0104832
-0.00526651
-0.0060093
-0.00832003
-0.00275898
-0.00717982
-0.00992118
-0.00946146
-0.00704228
-0.00426041
-0.00248612
-0.00267387
-0.00160889
-0.00424766
-0.0099329
-0.0182305
-0.0136336
-0.0143922
-0.0176813
-0.0182319
-0.0160858
-0.013536
-0.0144538
-0.0159668
-0.0195622
-0.0269424
-0.0179983
-0.0120148
-0.00454169
-0.00142727
-0.00511428
-0.00736362
-0.0155192
-0.01041
0.00497911
0.00822857
0.0034394
0.000468681
0.000667934
-0.0013742
0.000688276
0.00645591
0.00664963
0.00488628
0.00540327
0.000510514
-0.00505836
-0.00214917
0.00167997
0.00510805
0.00536942
0.0044425
-0.00214707
-0.0103143
-0.00696672
-0.00461547
-0.00481458
-0.00074
-0.00229794
0.000249131
0.00361453
0.00711384
0.0126083
0.00888835
0.00795809
0.0068674
0.0103191
0.0143873
0.0104274
0.0136963
0.00976875
0.0052585
-0.000471573
-0.00330436
5.12187e-05
-0.00169066
0.000379986
-0.000468585
-0.004859
-0.00904095
-0.0164795
-0.0103143
0.00357176
0.000873641
-0.00175581
-0.0029479
-0.00634543
-0.00462667
-0.00260797
-0.00225407
0.00239481
-0.00573368
-0.00486622
-0.00520326
-0.00502987
0.00770965
0.00890175
0.00467507
-0.000862579
0.00187935
-0.00510451
-0.0048921
0.00365281
0.00318483
0.00713631
0.004947
-0.00560315
-0.0145591
-0.00982045
-0.0116757
-0.0136917
-0.00732704
0.00499511
0.0091529
0.00383316
-0.00207394
0.00218353
0.00658539
0.00442814
0.00325466
0.00500279
-0.00124958
-0.00162261
-0.000460459
0.00106256
0.00249285
-0.00365224
-0.00623566
0.0057448
0.00764645
0.0122076
0.0128628
0.00535749
-0.00499792
-0.00567011
0.000312371
0.00592245
0.010025
0.0036339
-0.00887262
-0.012846
-0.0151446
-0.0132604
-0.00445766
-0.000584481
0.00150832
0.00670384
0.0106761
0.00777
0.000256906
-0.0085044
-0.00393103
-0.00167859
-0.00501993
-0.0017004
0.00131369
0.00502837
0.00159608
-0.00115988
-0.0128268
-0.00802718
-0.00177382
0.0089496
0.0168519
0.00888075
0.00392497
-0.00213847
-0.00462496
-0.0038838
-0.00179415
0.000536099
-0.005416
-0.00719439
-0.010128
-0.0131747
-0.0103351
-0.00496299
-0.00596459
0.00430485
0.00697873
-0.00146645
-0.0027976
0.00260861
0.0078454
0.00736785
0.0101854
-0.00197635
-0.00294948
-0.00771129
-0.00858537
0.00313977
-0.00141949
-0.00410956
-0.00980506
-0.0126816
-0.00467787
-0.00389735
-0.00131186
-0.00723222
-0.00610171
0.00110065
-0.00549952
-0.00472915
-0.0037229
0.00674466
0.00563696
0.00027368
-0.00274485
-0.00596794
-0.010803
-0.0167533
-0.0142319
-0.013296
-0.00857616
-0.00679007
-0.00786133
-0.00756085
0.0045569
0.0107046
0.0131451
0.00178522
0.00579156
0.00200547
-0.000795359
0.00737424
0.0132497
0.0139797
0.0129411
0.00699079
-0.00191124
-0.00147684
-0.00149784
0.00177396
0.00564149
0.0057537
0.0130713
0.00950831
0.00449248
0.00210873
-0.00484808
-0.00742461
-0.00523726
-0.00613748
-0.00633657
-0.00612168
-0.000627607
0.00182264
-0.00131946
-0.00318896
-0.00561712
-0.00289537
0.00308544
0.00494605
0.00586047
0.00983177
0.0076615
0.00298
0.0049175
0.010099
0.00296162
0.00341622
-0.00231067
0.00187362
0.000606754
0.00448279
0.00659482
0.00431145
-0.0014924
-0.00719092
-0.00575757
-9.93439e-05
0.00529593
0.00298048
0.00185238
0.00330962
-0.00216582
0.00290988
0.00288616
0.00105981
0.00150826
-0.00102857
-0.00430603
0.00235248
0.0085657
0.0157046
0.0131866
0.0112667
0.00749298
0.00993213
0.0182844
0.0174443
0.0121893
0.0121951
0.00726534
0.00331556
9.07539e-05
-0.00168111
-0.000768612
0.00309795
0.010596
0.00641021
0.00429632
0.00361729
0.00145516
-0.00126027
-0.00282235
-0.00591592
-0.00269914
-0.00176423
0.00156206
0.00183172
-0.00130048
-0.00432038
0.00046473
0.00555797
0.00419124
0.00259424
0.00271595
0.00151984
0.00940697
0.0117791
0.00600793
0.00988971
0.00743741
0.00765153
0.00808237
0.00300296
0.000331327
0.000778937
-0.00223776
-0.0037365
-0.0044159
-0.00803179
-0.00414964
-0.00326996
-0.00144645
-0.00327563
-0.00492011
0.00236838
0.00221538
0.0033936
0.00697777
0.0052437
0.00568174
0.00571757
0.00532874
0.0045544
0.00391958
0.0014614
-0.00406526
-0.00188105
-0.00601991
-0.00732998
-0.00790495
-0.00897681
-0.00749256
0.0016999
0.00273929
0.00239507
0.00158638
-0.00252627
0.00261386
0.0044116
-1.71635e-06
0.000759064
-0.00127914
-0.0113275
-0.0176976
-0.0163612
-0.0145954
-0.0101538
-0.0106612
-0.0137953
-0.00718593
-0.0058415
-0.00765655
-0.0119813
-0.0111874
-0.0116317
-0.00810431
-0.000889831
0.00144858
-0.00309669
-0.00583105
-0.0100214
-0.0137497
-0.00280746
0.00202954
0.00299565
0.00310099
0.00599772
0.00341776
0.000546643
-0.000639905
-0.000157087
0.000576814
-0.000598736
0.00227447
0.00419141
0.0026535
-0.00186593
-0.00142455
-0.00234087
-0.00592964
-0.0014202
0.00070834
0.00408182
0.00297108
0.00208668
-0.000473769
-0.00437757
-0.00624892
-0.00718728
-0.00333513
0.000596566
0.00612164
0.0080954
0.00699719
0.00496721
0.00665651
0.00635965
0.00557621
0.00831632
0.00491053
0.00356771
0.00772561
0.0107931
0.0113725
0.000646211
-0.00445869
-0.00653729
-0.0071877
-0.00222614
-0.00538684
-0.00490585
0.000262947
0.00452162
0.00171617
-0.00351509
-0.00579698
-0.000645437
-0.000849754
0.00605193
0.0105514
0.0115116
0.00425969
-0.0028096
-0.00101361
-0.000221356
-0.00190872
-0.00451478
-0.00788893
-0.00870338
-0.00529764
-0.00636213
-0.010269
-0.00819813
-0.00458004
-0.00738647
-0.00815668
-0.0111333
-0.0115121
-0.00779127
-0.000547531
0.0011269
-0.00503107
-0.00903521
-0.00564952
-0.00120077
0.00183243
0.00433843
0.0019758
0.00371181
0.00307607
0.00448264
0.00774672
0.00304338
-0.000350248
0.00147991
0.00164217
-0.00251725
0.000497432
-0.00470123
-0.00357393
-0.000753399
0.00202428
-0.000231586
-0.00375566
-0.00339378
-0.00718392
-0.0106628
-0.00936441
-0.00179454
0.00308586
-0.00578013
-0.00753762
-0.00984821
-0.00616924
-0.00311502
-0.00142731
-0.000534971
-0.00245311
0.00221276
0.0074583
0.00723786
0.00752544
0.00647573
0.00382168
0.000676281
0.00468012
0.00360079
0.00474555
0.00755947
0.00803535
0.00565859
0.00355903
0.00226588
0.00541864
0.00916934
0.00620102
0.00597559
0.00913487
0.0102454
0.0135822
0.00837662
0.00197588
-0.00121677
-0.00151537
0.0031481
0.00407559
0.000813508
-0.001916
-0.000475001
0.00338035
0.00325896
-0.00201187
-0.00533879
-0.0104661
-0.0125804
-0.00710555
-0.00539384
-0.00167165
0.00274076
0.00320001
0.00504889
0.00506409
-0.00115528
-0.00278738
-0.000821775
0.0058908
0.0117723
0.0111971
0.00543796
0.000101538
0.00159061
0.00149802
-0.000695552
-0.00307421
-0.0065381
-0.00483691
-0.00120227
-0.00661128
-0.00945335
-0.00835344
-0.0058448
-0.00481142
-0.000965666
-0.00210652
-0.00937453
-0.0157564
-0.014057
-0.00995021
-0.00648624
-0.00699815
-0.00553315
-0.00192688
0.0062021
0.00191249
-0.00048289
-0.00254466
-0.00352288
-0.00468418
-0.0101227
-0.00957668
-0.00643798
-0.00381412
-0.00367298
-0.00625283
-0.00487426
-0.000674473
0.00236148
0.00646901
0.00298605
0.00192609
0.00428036
0.0102649
0.0149883
0.0143152
0.00612957
0.00391762
0.00835529
0.00456632
0.00162349
0.00369791
0.00735942
0.00618083
0.00670912
0.00490036
-0.00416516
-0.00788281
-0.00577338
-0.00534495
-0.00140124
0.00158249
0.00531817
0.00755439
0.00500668
-0.00233596
-0.00890149
-0.00486812
-0.00682007
-0.00871034
-0.0046915
-0.00693255
-0.00364677
0.00153957
-0.000960389
-0.00531791
-0.00389976
-0.00248037
-0.00189441
-0.00463518
-0.00542975
-0.00531623
-0.00254969
0.00170451
0.00437884
0.00525878
0.00273375
0.00710217
0.013878
0.015656
0.0134307
0.0134985
0.0094017
0.0115022
0.0154477
0.0118331
0.0112263
0.0102134
0.00744934
0.00483812
0.00691751
0.00627725
0.00380265
0.000523259
0.0030203
0.00858675
0.013281
0.0142575
0.0121876
0.0107181
0.0128189
0.0129829
0.00695215
0.00754446
0.00709346
0.00491584
0.004318
0.00348853
0.0040644
0.00318031
0.00191091
0.00130968
-0.00101373
0.00110151
-0.000591817
-0.00155752
-0.000116348
-0.000267693
-0.00562924
-0.0034377
-0.0027702
-0.00143037
-0.00116171
-0.0104477
-0.00936422
-0.00634557
-0.00387672
-0.00401325
-0.00414556
-0.00236775
-0.00573274
-0.00516756
-0.00355733
-0.00264531
-0.0042677
-0.00936433
-0.00567146
-0.00218287
0.000920209
0.000547463
0.00509329
0.00385379
0.00177555
0.00219549
0.00180978
0.00145866
0.00383026
0.0015685
0.0018497
0.00217868
0.00314639
0.0049315
0.00133483
0.000525925
-0.00358994
-0.00790569
-0.00333285
0.00163527
0.00384435
0.00238955
0.00191283
-0.00301346
0.0022894
0.000971827
-0.00341654
-0.00649773
-0.00461338
-0.00327971
-0.00159614
0.0020089
-0.00378056
-0.0110565
-0.0140134
-0.00958245
-0.00561586
-0.00109389
-0.00295792
-0.000387811
-8.70705e-05
-0.00238705
-0.00389586
-0.0085722
-0.0110842
-0.0120693
-0.0106975
-0.00630598
-0.00935516
-0.0111346
-0.0106364
-0.0082552
-0.00442272
-0.00616923
-0.00638832
-0.00500662
-0.00415171
-0.0052718
-0.00490664
-0.00473681
-0.00324085
-0.00457707
-0.0041917
-0.00177207
0.000962405
-0.000975065
-0.000609365
-0.00189891
-0.00101805
-0.00128342
-0.00445245
-0.00362123
-0.00234477
0.000511038
0.00124305
0.000367507
0.000340074
0.00104486
0.00144318
0.00195599
0.00129254
0.00217837
0.00357
0.003211
0.00395813
0.00312336
-0.00273449
-0.00499258
-0.00257864
-0.00365983
0.00070973
-0.00182973
-0.0035798
0.000207994
-0.00274579
-0.00122224
0.00149937
0.00393132
0.00273895
0.00258972
0.00400502
0.0032453
0.00175302
0.0012645
0.00266338
0.00381832
0.00586684
0.00398066
0.00231321
0.00684015
0.0065878
0.00558823
0.00298208
-0.00121597
0.0031797
0.0056705
0.00234672
-0.000175963
0.000608551
-0.00135475
0.000763617
-0.00017081
-0.00331584
0.000296216
0.000169566
0.00221722
1.68317e-05
-0.00587322
-0.00679296
-0.00601138
-0.0028084
-0.00209565
0.000128907
0.00313603
0.00375358
0.00595707
0.00439819
0.000356439
0.00046053
0.00159698
0.00182479
0.00237348
0.00422989
0.00204552
0.00291631
0.00010042
-0.00371074
-0.00112328
-0.000226457
0.00317555
0.006452
0.00321438
0.00172119
0.0016146
-0.000852257
-0.00484833
-0.00701705
-0.00626729
-0.00522823
-0.00910146
-0.00904522
-0.00313037
-0.00194535
-0.000393632
0.00149125
0.00224429
0.00230383
0.00566789
0.00387878
0.00485675
0.00888137
0.0097897
0.00648613
0.00166467
-8.06309e-05
0.00159089
0.00145499
0.0058961
0.0039686
0.00445969
0.00454314
0.0016123
-0.000440121
0.000587548
0.00231915
0.00126416
-0.00131318
0.00227342
0.00335752
0.00369866
0.00219725
-0.00248744
-0.00326638
-0.00388384
-0.0064182
-0.00770758
-0.00594672
-0.00538425
-0.00387352
-0.00043966
0.000894999
-0.00155071
-0.000992
-0.00274469
-0.00551242
-0.00672636
-0.00560675
-0.00388439
-0.00435147
-0.00580909
-0.00605978
-0.00336184
-0.00288768
-0.00494137
-0.00343472
-0.00382732
-0.00653843
-0.00925033
-0.0104825
-0.00900381
-0.00891233
-0.00492922
-0.00224517
-0.0021427
-0.00110381
-0.00146073
-0.00428501
-0.00732819
-0.00732434
-0.00489381
-0.00385169
-2.72682e-05
0.00105568
0.000973832
0.000447324
-0.00107249
0.000241224
0.0024566
0.00476989
0.00496671
0.00571422
0.00126602
0.000999268
0.00491136
0.0027284
-0.000601601
0.00023606
0.00343258
0.00805493
0.0107786
0.00613423
0.00150356
0.000413271
0.000992208
0.000868665
0.00151836
0.000159324
0.00399964
0.00319679
-0.000753512
-0.00324673
-0.00608062
-0.00757644
-0.00617947
-0.00643521
-0.0089722
-0.00719415
-0.00387622
-0.00209362
-0.00139209
-0.00325269
-0.00122687
0.00297215
0.00556408
0.00543553
0.00261485
0.00206827
0.0042073
0.00886585
0.00661305
0.00624578
0.00426442
0.0017678
0.0039506
0.00850068
0.00913483
0.0115395
0.0126336
0.0111519
0.0110184
0.00793184
0.00508225
0.00370981
0.00630568
0.00538524
0.00609184
0.00668652
0.00455029
0.00384441
0.00333179
0.0010672
0.00124653
0.00609899
0.00767336
0.0071423
0.0106157
0.0131879
0.00876798
0.00521618
0.00493223
0.00316136
0.00401967
0.00259362
0.00453438
0.00523748
0.00185714
-0.000434463
-0.000308708
0.00108188
0.00344899
0.00556305
0.00260517
0.00212365
0.000233471
0.000180913
0.000989442
0.00196546
0.00485596
0.00497271
0.00100753
-0.00509177
-0.00453581
-0.00292742
-0.0027885
0.00102269
-0.00236242
-0.00551014
-0.00341513
-0.00232375
-0.00424269
-0.00382578
-0.0038158
-0.00261336
-0.00203897
-5.80464e-05
-0.000810804
-0.00123296
-0.00156881
-0.00256389
-0.000777395
-0.000972991
-0.000557226
-0.00169429
-0.00196138
-0.00055333
0.00187324
0.00182999
-0.0039945
-0.00858363
-0.00910787
-0.00780379
-0.00250975
-0.00345273
-0.00498441
-0.00330043
-0.000822152
-0.0027336
-0.00380399
-0.0037751
-0.0027208
0.00109328
0.00381887
0.00338748
0.00297891
0.00403964
0.00521608
0.0083261
0.00944696
0.00905868
0.00725146
0.00492257
0.00653607
0.0048568
0.00192102
0.000510466
-0.00250305
-0.00203778
-0.000944291
-0.00345454
-0.00443011
-0.00348216
-0.00284709
-0.00173611
-0.00205098
-0.00257886
6.69327e-05
0.00140395
0.00168805
0.000133488
2.46226e-05
6.07429e-05
-0.0032724
-0.00643392
-0.00753366
-0.00891563
-0.00901175
-0.00569556
-0.00450002
-0.00306355
-0.00103253
0.00413956
0.00363541
0.00246119
0.00167389
0.000487287
0.00199876
0.00142297
-0.000497265
0.000688414
-0.00227004
-0.00603827
-0.00800305
-0.00731578
-0.00746521
-0.00503187
-0.0023477
-0.00494944
-0.00609485
-0.00711677
-0.00603441
-0.00268684
-0.00129577
0.000705849
0.00116954
-0.00176079
-0.000965293
-0.000319487
-0.00021936
0.000699243
0.000226059
0.00380161
0.00589899
0.00560143
0.00440088
0.00420756
0.00247974
5.63662e-05
-0.000128954
-0.000205596
-0.00129296
-0.0021373
-0.00342058
-0.00480358
-0.00235729
0.000716086
-0.000765971
-0.00321617
-0.00372877
-0.00378251
-0.0051031
-0.000535076
-0.00325786
-0.00695237
-0.00768094
-0.0061517
-0.00553384
-0.00318193
-0.00265723
-0.00296767
-0.00372507
-0.00384317
-0.00160171
-0.00193543
-0.00187271
-0.000743952
-0.0020683
-0.00384955
-0.00389085
-0.00505406
-0.00575644
-0.00579821
-0.00458605
-0.0055563
-0.00498942
-0.0033133
-0.00345916
-0.00235721
-0.0031285
-0.00216369
-0.000661347
-0.000370972
0.000423421
0.000177556
0.00184524
0.00444126
0.00518107
0.00444199
0.00468158
0.00322215
0.00532485
0.00596171
0.00538669
0.00344481
0.00626744
0.00589475
0.00643668
0.0108833
0.0114935
0.010396
0.00731829
0.00422514
0.00334451
0.00137581
0.00302948
0.00266663
0.00253591
0.00160564
0.000238269
-0.000808706
-0.00208898
-0.00203257
-0.00110137
-0.0034071
-0.00174661
-0.00032897
7.78579e-05
0.000800318
0.000324291
-0.000156521
0.00173447
0.00253326
0.00117055
-0.00238687
-0.00431717
-0.00228879
-0.00222933
-0.00272223
-0.00311321
-0.00299605
0.000554028
0.000569598
-0.00106436
-0.000256595
0.00174471
0.00270076
0.000878966
-0.00158732
-0.00100277
0.000330599
0.00259005
0.00319798
0.00416603
0.00323418
0.0030213
0.0015309
0.000485638
-0.00237787
-0.00378001
-0.00196626
0.00168192
0.00191931
0.00330349
0.00336639
0.00270629
0.00230329
0.00295674
0.00309264
0.00067673
-0.00136917
0.000209989
0.00279393
0.00156479
0.00236604
0.00102345
0.000239333
0.00118454
0.0012295
0.000445145
0.000482171
-0.000847817
-0.0018807
-0.00158352
-0.00209259
-0.00233859
-0.00253675
-0.00549555
-0.00678574
-0.00531328
-0.00326002
-0.00532657
-0.00488812
-0.00169958
-0.000859846
-0.00154325
-0.00177511
-0.00485045
-0.00648079
-0.00490841
-0.00565113
-0.0061472
-0.00736176
-0.00585639
-0.00378224
-0.00179015
-0.00185402
-0.00156507
-0.000553723
0.00230871
0.0019492
-0.00166774
-0.00572264
-0.00809967
-0.00414433
-0.00253643
-0.00189123
-0.00108174
-0.0015992
-0.00140995
-0.000601148
0.00104617
0.0021073
0.000730669
-0.000520202
-0.00154838
-0.000866067
-0.000685653
0.000165106
0.000452104
0.000376007
0.000162466
0.000324659
0.00138533
0.00292683
0.00324339
0.00579147
0.00548964
0.0045769
0.00421308
0.00500271
0.00728098
0.00736872
0.0056119
0.00508423
0.00589748
0.00832622
0.00964826
0.00802079
0.00660248
0.00517516
0.00280258
0.00231799
0.0022791
-0.000527097
-0.00135926
0.000539081
-0.00276386
-0.00311891
-0.000875027
-3.85459e-05
0.000485985
-7.59277e-05
-0.000749498
1.32022e-05
0.000640928
0.00171585
0.00103753
0.000441203
0.00154503
0.00201669
0.00486005
0.00750919
0.0069948
0.00378844
0.0015101
0.00137371
0.00297017
0.00302604
0.00142549
0.00013939
-4.13571e-05
0.000872633
0.000965382
0.00191342
0.00291266
0.00460053
0.004279
0.00252773
0.00131705
0.000647259
0.00261066
0.00400429
0.00283374
0.00188695
0.00130632
-0.00138417
-0.00252073
-0.00170156
0.000894648
0.000892334
0.000753068
0.0012707
0.00150014
0.0013021
0.00168916
0.00163228
0.000826488
-0.000667841
-0.00142757
-0.00074441
-0.00125014
0.000237167
0.000707742
0.000499021
-0.00176393
-0.00412051
-0.00250817
-0.000874088
-3.10081e-05
-0.000240559
0.000333682
-1.96625e-05
-0.00209244
-0.0018475
-0.000572193
0.00272487
0.00341377
0.00383004
0.00372599
0.00171361
-0.000700601
-0.00172272
-0.00194173
-0.00159178
0.000688535
0.00182557
0.00240936
0.00294265
0.00259134
0.00184515
0.00229615
0.00417165
0.00370782
0.00449574
0.00509779
0.00521649
0.00329918
0.00225524
0.0010897
0.00139144
0.00187118
0.00241288
0.00101617
0.00209251
0.00275372
0.0021312
0.00198447
0.00174035
-0.000718711
-0.000146473
0.000209711
-0.00100332
-0.00346366
-0.00243463
-0.00192628
-0.00270641
-0.00349985
-0.00572503
-0.00632588
-0.00702259
-0.00672938
-0.00599997
-0.00645955
-0.00929436
-0.0109192
-0.0108053
-0.00941821
-0.00833763
-0.00703076
-0.00564637
-0.00740825
-0.00582668
-0.00265882
-0.0029462
-0.00192412
-0.000224715
0.00169162
0.00216807
0.000588756
0.000931636
0.00164251
0.000275079
-0.00105843
-0.00100089
-0.00135635
-0.000438879
-0.00137957
-0.00302379
-0.00345406
-0.00394669
-0.0051699
-0.00568543
-0.00430377
-0.00351159
-0.00340892
-0.00330781
-0.00550888
-0.00652274
-0.00774977
-0.00929967
-0.00915328
-0.00733475
-0.00449603
-0.00117426
-0.000658965
-0.00115037
-0.00144078
-0.00169724
-0.000225033
-0.00115725
-0.00309018
-0.00246198
-0.00126469
-0.000946505
-0.00248762
-0.00371253
-0.00118638
0.00102037
0.000153244
-0.00190005
-0.00270659
-0.00167023
-0.000543516
-0.000395387
-0.00100658
0.000180427
0.00262619
0.00443521
0.0049711
0.00446056
0.00586492
0.00653743
0.00587635
0.00573551
0.00496026
0.00501509
0.0044022
0.00522792
0.0064314
0.00671463
0.00753599
0.00837192
0.00751255
0.00469265
0.00411614
0.00251614
0.00201594
0.00184684
0.00182462
0.00212656
0.00302241
0.00464766
0.00522614
0.00462036
0.00378372
0.00304436
0.000730446
-0.00130098
-2.21111e-05
0.000596437
0.000306242
-0.000742686
-0.000670647
2.79812e-05
-7.22784e-05
0.00241359
0.00115035
0.000201499
0.00229925
0.00256193
0.00342286
0.00514918
0.00278728
0.00104367
-0.000762629
-0.00282665
-0.00212281
-0.000203472
-0.000319286
-0.00116556
-0.00119348
-0.00267068
-0.0055579
-0.00536255
-0.00443165
-0.00347181
-0.00326516
-0.00244197
-0.0013962
-0.000801311
-0.000355965
-0.00127244
-0.00233949
-0.0031687
-0.00451972
-0.00421062
-0.00446842
-0.00411536
-0.00461761
-0.00403158
-0.00276077
-0.00147327
-0.0010577
0.000409696
0.00243708
0.00380898
0.00431796
0.00271433
0.00193211
0.00293751
0.0027847
0.00275368
0.00214036
0.00183776
0.00182335
0.00124125
0.00273572
0.0035461
0.000489804
-0.00044461
-0.00114533
-0.00215586
-0.00457363
-0.00741585
-0.00718778
-0.00558191
-0.00363079
-0.00148255
-0.00360879
-0.00544314
-0.00508122
-0.00447442
-0.004332
-0.0057645
-0.00395552
-0.00227633
-0.00364365
-0.00446313
-0.00475909
-0.0043614
-0.00279567
-0.00249189
-0.00252324
-0.00109407
-0.000221513
-0.00070986
-0.000734899
0.000372565
-0.000280881
-0.00121121
-0.00119623
0.000130635
0.00138145
0.000337186
0.000982499
0.000305503
-7.10531e-05
0.00245196
0.00196869
0.00119926
0.00165254
0.0034597
0.00422744
0.00483125
0.0048839
0.00249664
0.00167321
0.0020142
0.00225173
0.00294769
0.00282671
0.000836302
0.000433336
-0.000466255
-0.000510628
-0.000368934
-0.00138771
-0.00216654
-0.00243359
-0.00108345
0.000680496
0.000735085
0.00162433
0.00189011
0.00171236
0.00265344
0.00281561
0.00163682
0.00100441
0.00150354
-0.000142192
-0.000105148
0.000547262
0.000837912
0.00183357
0.0025371
0.00172127
0.00193303
0.00146676
0.00152857
0.000757111
0.000368602
0.00100711
0.00281031
0.00269832
0.00265209
0.000677372
-0.000141038
0.00211932
0.00331827
0.00300871
0.00319008
0.00352499
0.00482272
0.00488246
0.00417738
0.0040067
0.00376771
0.00213787
0.00119816
0.00182287
0.0021231
0.00222912
0.00400653
0.00469214
0.00303876
0.00198675
0.00219492
0.00145876
0.00290836
0.00269628
0.00244125
0.00338861
0.00364048
0.00385804
0.0039391
0.00250851
0.00286506
0.00252522
0.00218216
0.00257131
0.00304688
0.0028559
0.00330764
0.00353781
0.00328723
0.00352804
0.00245812
0.00196281
-0.000578422
-0.00231389
-0.0033784
-0.00373549
-0.00211044
-0.00128868
-0.000445058
-0.000440663
-0.00228424
-0.00140454
-0.000773571
5.4012e-05
0.000944553
-0.000420557
-0.000649818
0.000805387
-0.000268495
0.00124968
-0.000382723
-0.00128844
-0.00173533
-0.00205312
-0.00228553
-0.00190879
-2.72385e-05
0.00117143
0.00136732
0.0011658
-0.000326224
-0.00132261
-0.00140126
-0.00136426
-0.00101268
-0.00172788
-0.00197617
-0.0022867
-0.00306362
-0.00324538
-0.00338636
-0.00387259
-0.0035868
-0.0018408
-0.00205367
-0.00169221
-0.0015308
-0.00165594
-0.00215422
-0.00109513
6.05356e-05
0.000881293
0.00252587
0.00197786
0.000469253
0.000248756
0.000787347
0.00100188
-1.25712e-05
4.66627e-05
0.00119663
0.00166399
0.00104462
0.00067123
-0.000697332
-0.000990824
-0.00212547
-0.00320637
-0.00174209
-0.00207359
-0.00192891
-0.00203169
-0.0022258
-0.0013255
-2.51686e-05
0.000448284
0.000530321
-0.000606914
0.000482983
0.000315794
0.000360232
-0.000206139
-0.000656366
-7.07181e-05
-0.000718211
-0.00123482
-0.0012204
-0.00195291
-0.00223573
-0.00151308
-0.000317148
0.00102782
0.00133402
0.000906488
0.000388115
-0.000914491
-0.000966011
-0.000460099
-0.00108891
-0.00130556
-0.00219812
-0.00363461
-0.00342212
-0.00376189
-0.00404736
-0.00481471
-0.00617403
-0.00622375
-0.00573334
-0.00369179
-0.000277651
0.000208452
-0.00130633
-0.00281065
-0.00441409
-0.0045403
-0.00446827
-0.00405501
-0.00302707
-0.00223797
-0.00313586
-0.00427611
-0.0051741
-0.00421439
-0.00144853
0.000306108
0.00244961
0.0015848
0.000985994
0.00149045
0.000669137
0.000356742
0.000519636
-0.000345895
-0.000323146
-8.80982e-05
-0.000370441
-0.00064792
-0.000118922
0.000568676
0.00146941
0.00262816
0.00385938
0.00381747
0.00367369
0.00405745
0.00318972
0.000832748
-0.0003381
-0.000226517
0.000619388
0.001318
5.13908e-06
-0.000452102
-0.000142497
0.000304293
0.000698366
0.0015777
0.00213036
0.0021736
0.00129781
0.000350198
-0.000139262
-0.000569472
0.000177935
0.00133127
-0.000194384
-0.00102381
-1.19e-05
0.000892067
0.00138751
0.000193647
0.00027101
0.00199738
0.00293411
0.0023088
0.00232422
0.00216073
0.000996535
-0.00122277
-0.00286084
-0.00145664
-0.00102048
1.51361e-05
0.00096745
0.00033403
0.00245671
0.00362988
0.00312561
0.00264487
0.00175466
0.00124851
0.00119152
0.000928354
7.81265e-05
-0.000449884
-0.00194056
-0.00282349
-0.00137004
0.000464073
0.00135996
0.00137081
5.9911e-05
0.000346477
0.000491466
0.000427444
0.000402412
0.00133862
0.0024415
0.0034433
0.0041926
0.00303141
0.00262444
0.00146637
0.00022025
-0.000864145
-0.00118124
-0.00282553
-0.00341863
-0.00285072
-0.00275243
-0.00181367
-0.00111284
-0.000792591
-0.000137559
-0.000395445
-0.00175691
-0.00251403
-0.00180017
0.000569472
0.00143548
0.000636042
-0.000273722
-0.00104466
-0.000762489
-0.00106437
-7.3939e-05
0.000562552
0.000190615
-0.00016583
-0.00183641
-0.0028871
-0.00272587
-0.0026074
