7.65649
2255.32
201.794
2.49906
11
0.0436309
15
0.256813
0.833648
0.00956369
0
// That was item 1,1
8.10687
2251.8
200
2.5
11
0.046796
15
0.250995
0.83527
0.00953204
0
// That was item 2,1
8.55725
2256.32
531.258
2.32565
10
0.0574928
14
0.258475
0.857339
0.00942507
0
// That was item 3,1
9.00763
2247.28
1266.39
1.93874
10
0.0734706
12
0.243515
0.902662
0.00926529
0
// That was item 4,1
9.45802
2132.67
1553.56
1.7876
9
0.200316
11
0.0540221
0.990849
0.00799684
0
// That was item 5,1
9.9084
2003.49
1362.99
1.8879
7
0.37214
11
-0.159573
1.07971
0.0062786
0
// That was item 6,1
10.3588
1935.63
1511.69
1.80964
6
0.546131
11
-0.271773
1.18967
0.00453869
0
// That was item 7,1
10.8092
1484.26
1271.92
1.93583
5
0.600286
12
-1.01811
1.20525
0.00399714
0
// That was item 8,1
11.2595
1514.92
1676.66
1.72281
5
0.646718
10
-0.967411
1.25933
0.00353282
0
// That was item 9,1
11.7099
1512.41
2038.9
1.53216
4
0.679523
9
-0.971567
1.30351
0.00320477
0
// That was item 10,1
12.1603
1816.01
2174.34
1.46087
4
0.711292
9
-0.469577
1.33197
0.00288708
0
// That was item 11,1
12.6107
1996.96
2253.66
1.41913
4
0.694634
9
-0.170377
1.32743
0.00305366
0
// That was item 12,1
13.0611
1633.04
2269.02
1.41104
4
0.719129
8
-0.7721
1.34332
0.00280871
0
// That was item 13,1
13.5115
1892.91
2401.45
1.34134
3
0.777162
8
-0.342417
1.38797
0.00222838
0
// That was item 14,1
13.9618
1796.9
2566.6
1.25442
3
0.787291
8
-0.501159
1.40608
0.00212709
0
// That was item 15,1
14.4122
1469.68
2650.74
1.21014
3
0.772881
7
-1.04221
1.40326
0.00227119
0
// That was item 16,1
14.8626
1585.29
2709.96
1.17897
3
0.75479
7
-0.851056
1.39631
0.0024521
0
// That was item 17,1
15.313
1760.71
2786.48
1.13869
4
0.749477
7
-0.560999
1.39845
0.00250523
0
// That was item 18,1
15.7634
1290.74
2833.61
1.11389
4
0.721155
7
-1.33809
1.38415
0.00278845
0
// That was item 19,1
16.2137
1217.86
2900.93
1.07846
4
0.712572
6
-1.4586
1.3835
0.00287428
0
// That was item 20,1
16.6641
1166.59
2951.05
1.05208
4
0.700301
6
-1.54337
1.37931
0.00299699
0
// That was item 21,1
17.1145
1236.96
3012.81
1.01957
4
0.724387
6
-1.42701
1.39875
0.00275613
0
// That was item 22,1
17.5649
1378.7
3123.64
0.961244
4
0.748733
6
-1.19264
1.42193
0.00251267
0
// That was item 23,1
18.0153
2119.1
3192.72
0.924885
4
0.727919
6
0.0315821
1.41363
0.00272081
0
// That was item 24,1
18.4656
2076.88
3263.27
0.887754
3
0.780724
5
-0.038231
1.45222
0.00219276
0
// That was item 25,1
18.916
2202.54
3302.18
0.867272
3
0.81956
5
0.169546
1.4798
0.0018044
0
// That was item 26,1
19.3664
2121.11
3323.33
0.856141
3
0.810648
5
0.0349066
1.47565
0.00189352
0
// That was item 27,1
19.8168
1850.19
3379.03
0.826824
3
0.802477
5
-0.413061
1.47448
0.00197523
0
// That was item 28,1
20.2672
1673.76
3426.95
0.801603
3
0.793351
5
-0.704781
1.47211
0.00206649
0
// That was item 29,1
20.7176
1651.14
3479.7
0.773842
3
0.797554
5
-0.74218
1.47864
0.00202446
0
// That was item 30,1
21.1679
1348.04
3540.23
0.741982
3
0.766993
4
-1.24334
1.4633
0.00233007
0
// That was item 31,1
21.6183
1765.74
3585.05
0.718393
3
0.799143
4
-0.552688
1.48731
0.00200857
0
// That was item 32,1
22.0687
1494.31
3626.82
0.696411
3
0.819687
4
-1.00149
1.50366
0.00180313
0
// That was item 33,1
22.5191
1771.77
3662.39
0.67769
3
0.814513
4
-0.542714
1.5029
0.00185487
0
// That was item 34,1
22.9695
1679.29
3677.41
0.669782
3
0.751359
4
-0.695638
1.46296
0.00248641
0
// That was item 35,1
23.4198
1681.8
3709.13
0.653091
3
0.768415
4
-0.691483
1.47632
0.00231585
0
// That was item 36,1
23.8702
1689.84
3722.66
0.645968
3
0.777052
4
-0.678185
1.48291
0.00222948
0
// That was item 37,1
24.3206
1934.13
3735.79
0.639057
3
0.773276
4
-0.274266
1.4814
0.00226724
0
// That was item 38,1
25.2214
1495.32
3766.1
0.623107
3
0.76777
4
-0.999824
1.47998
0.0023223
0
// That was item 39,1
27.4733
1374.68
3859.29
0.574056
3
0.761162
3
-1.19929
1.48232
0.00238838
0
// That was item 40,1
EOF 40 events for 4 C:\User Files\GoogleDrive\EGHH\DATA ALL\MaesHw\mh3_000_bformat_48k.wav 