0.438451
1621.48
2851.24
1.10461
3
0.765642
7
-0.791216
1.41313
0.00234358
0
// That was item 1,1
0.442647
2332.98
2694
1.18737
4
0.697804
7
0.385219
1.35991
0.00302196
0
// That was item 2,1
0.444745
2272.41
2465.09
1.30784
4
0.654533
8
0.28507
1.31756
0.00345467
0
// That was item 3,1
0.446843
2148.25
2291.43
1.39925
4
0.696454
8
0.0797865
1.33115
0.00303546
0
// That was item 4,1
0.451038
1923.82
2104.89
1.49742
3
0.750355
9
-0.291304
1.35056
0.00249645
0
// That was item 5,1
0.453136
1898.19
2138.91
1.47952
4
0.72476
9
-0.33369
1.33759
0.0027524
0
// That was item 6,1
0.455234
1586.3
2009.23
1.54777
4
0.702839
9
-0.849394
1.31539
0.00297161
0
// That was item 7,1
0.457332
2451.6
1825.73
1.64435
4
0.700519
10
0.581361
1.30125
0.00299481
0
// That was item 8,1
0.45943
2438.28
1648.5
1.73763
4
0.707707
10
0.559336
1.29315
0.00292293
0
// That was item 9,1
0.461528
2119.1
934.83
2.11325
3
0.783689
13
0.0315821
1.28619
0.00216311
0
// That was item 10,1
0.463625
2343.78
901.148
2.13097
4
0.740226
13
0.403088
1.25932
0.00259774
0
// That was item 11,1
0.465723
2160.07
1133.69
2.00858
4
0.693713
12
0.0993175
1.24929
0.00306287
0
// That was item 12,1
0.467821
2012.29
1153.54
1.99814
4
0.724142
12
-0.145029
1.26801
0.00275858
0
// That was item 13,1
0.469919
1948.96
1006.57
2.07549
3
0.750959
12
-0.249748
1.27285
0.00249041
0
// That was item 14,1
0.472017
2331.47
706.214
2.23357
4
0.714368
13
0.382726
1.23116
0.00285632
0
// That was item 15,1
0.474115
2305.08
1129.57
2.01075
4
0.700428
12
0.339093
1.25282
0.00299572
0
// That was item 16,1
0.476212
1735.33
499.807
2.34221
4
0.698214
14
-0.60297
1.20785
0.00301786
0
// That was item 17,1
0.47831
2204.8
328.464
2.43239
4
0.65423
15
0.173286
1.17202
0.0034577
0
// That was item 18,1
0.480408
2274.17
200
2.5
4
0.660657
15
0.287979
1.16675
0.00339343
0
// That was item 19,1
0.482506
1819.02
747.979
2.21159
3
0.758608
13
-0.46459
1.25873
0.00241392
0
// That was item 20,1
0.484604
1849.68
566.759
2.30697
4
0.74115
14
-0.413892
1.23618
0.0025885
0
// That was item 21,1
0.486702
2234.96
672.678
2.25122
3
0.75276
14
0.223153
1.25012
0.0024724
0
// That was item 22,1
0.4888
2402.09
474.562
2.35549
3
0.752771
14
0.499497
1.23603
0.00247229
0
// That was item 23,1
0.490897
2450.6
482.852
2.35113
4
0.722007
14
0.579699
1.21973
0.00277993
0
// That was item 24,1
0.492995
2180.93
325.719
2.43383
4
0.704831
15
0.133809
1.19936
0.00295169
0
// That was item 25,1
0.495093
2326.69
274.771
2.46065
4
0.709846
15
0.37483
1.19853
0.00290154
0
// That was item 26,1
0.497191
1970.07
603.733
2.28751
4
0.72766
14
-0.214842
1.23134
0.0027234
0
// That was item 27,1
0.499289
2103.77
273.787
2.46116
4
0.73503
15
0.00623332
1.21212
0.0026497
0
// That was item 28,1
0.501387
2234.46
974.996
2.09211
4
0.724299
13
0.222322
1.25556
0.00275701
0
// That was item 29,1
0.503485
2278.69
974.512
2.09236
4
0.693561
13
0.295459
1.23817
0.00306439
0
// That was item 30,1
0.505582
2279.95
834.216
2.1662
4
0.738264
13
0.297537
1.25349
0.00261736
0
// That was item 31,1
0.50768
2040.94
587.446
2.29608
4
0.746637
14
-0.0976553
1.24067
0.00253363
0
// That was item 32,1
0.509778
2121.87
1020.81
2.06799
4
0.714284
12
0.0361532
1.25311
0.00285716
0
// That was item 33,1
0.511876
2068.33
932.209
2.11463
4
0.69651
13
-0.0523599
1.2369
0.0030349
0
// That was item 34,1
0.513974
2196.76
783.85
2.19271
4
0.714725
13
0.159989
1.23678
0.00285275
0
// That was item 35,1
0.516072
2003.99
1408.85
1.86376
3
0.765308
11
-0.158742
1.30974
0.00234692
0
// That was item 36,1
0.51817
1952.72
951.954
2.10423
4
0.721097
13
-0.243515
1.25213
0.00278903
0
// That was item 37,1
0.520267
1892.16
653.025
2.26157
3
0.757169
14
-0.343664
1.25116
0.00242831
0
// That was item 38,1
0.522365
2049.23
693.969
2.24002
4
0.689888
13
-0.083942
1.2167
0.00310112
0
// That was item 39,1
0.526561
2104.02
1204.73
1.97119
4
0.72177
12
0.00664887
1.27025
0.0027823
0
// That was item 40,1
0.528659
1775.29
1720.43
1.69977
3
0.761207
10
-0.536897
1.32962
0.00238793
0
// That was item 41,1
0.530757
1767.5
1621.62
1.75178
3
0.750836
11
-0.549779
1.3165
0.00249164
0
// That was item 42,1
0.539148
1760.21
2079.06
1.51102
4
0.748422
9
-0.56183
1.34757
0.00251578
0
// That was item 43,1
0.543344
2347.55
2196.18
1.44938
3
0.756825
9
0.409321
1.36095
0.00243175
0
// That was item 44,1
0.547539
1936.39
2452.87
1.31428
3
0.766592
8
-0.270526
1.38521
0.00233408
0
// That was item 45,1
EOF 45 events for 6 /Users/kennethbrown/GoogleDrive/EGHH/DATA ALL/sonix/m_bf_2m30stretch100.wav 